Initializing AMReX (23.07-395-ge6c93bf22695)...
AMReX (23.07-395-ge6c93bf22695) initialized
starting the single zone burn...
reading in network electron-capture / beta-decay tables...
chemical potential of proton is -3
chemical potential of neutron is -12
State Density (g/cm^3): 10000000
State Temperature (K): 6000000000
electron fraction is 0.5
NSE state: 
n : 0.0006075693495
H1 : 0.001992432534
He4 : 0.519007877
C12 : 1.326102e-05
N13 : 9.477376691e-11
N14 : 2.565486854e-09
O16 : 3.225455246e-05
F18 : 5.422064179e-11
Ne20 : 7.427509432e-07
Ne21 : 4.998912611e-08
Na22 : 2.608008186e-09
Na23 : 1.00884295e-06
Mg24 : 0.0001022222509
Al27 : 0.0005548826609
Si28 : 0.03680966846
P31 : 0.04229223791
S32 : 0.03865771985
Ar36 : 0.02464742443
Ca40 : 0.02885152622
Ti44 : 0.00166123105
Cr48 : 0.009967017598
Fe52 : 0.05968005236
Ni56 : 0.2351208159
We're in NSE. 
AMReX (23.07-395-ge6c93bf22695) finalized
