AMReX (a30cc5fd3213) initialized
starting the single zone burn...
reading in network electron-capture / beta-decay tables...
chemical potential of proton is -3
chemical potential of neutron is -12
State Density (g/cm^3): 10000000
State Temperature (K): 6000000000
electron fraction is 0.5
NSE state: 
n : 0.0006075658986
h1 : 0.001992231785
he4 : 0.5191546413
c12 : 1.326178988e-05
n13 : 9.476614056e-11
n14 : 2.565265841e-09
o16 : 3.224715368e-05
f18 : 5.420149548e-11
ne20 : 7.424231652e-07
ne21 : 4.996678197e-08
na22 : 2.606751428e-09
na23 : 1.008351077e-06
mg24 : 0.0001021744034
al27 : 0.000554657875
si28 : 0.03679926049
p31 : 0.04228638044
s32 : 0.03865876461
ar36 : 0.02465328319
ca40 : 0.02885085912
ti44 : 0.001660132226
cr48 : 0.009959852831
fe52 : 0.05964589202
ni56 : 0.2350269888
We're in NSE. 
AMReX (a30cc5fd3213) finalized
