AMReX (23.08-120-g579df318ce0d) initialized
starting the single zone burn...
reading in network electron-capture / beta-decay tables...
chemical potential of proton is -3
chemical potential of neutron is -12
State Density (g/cm^3): 10000000
State Temperature (K): 6000000000
electron fraction is 0.5
NSE state: 
n : 0.0006075658986
H1 : 0.001992231785
He4 : 0.5191546413
C12 : 1.326178988e-05
N13 : 9.476614056e-11
N14 : 2.565265841e-09
O16 : 3.224715368e-05
F18 : 5.420149548e-11
Ne20 : 7.424231652e-07
Ne21 : 4.996678197e-08
Na22 : 2.606751428e-09
Na23 : 1.008351077e-06
Mg24 : 0.0001021744034
Al27 : 0.000554657875
Si28 : 0.03679926049
P31 : 0.04228638044
S32 : 0.03865876461
Ar36 : 0.02465328319
Ca40 : 0.02885085912
Ti44 : 0.001660132226
Cr48 : 0.009959852831
Fe52 : 0.05964589202
Ni56 : 0.2350269888
We're in NSE. 
AMReX (23.08-120-g579df318ce0d) finalized
