Initializing AMReX (25.02-23-g06b4a5b105f5)...
AMReX (25.02-23-g06b4a5b105f5) initialized
starting the single zone burn...
reading in network electron-capture / beta-decay tables...
chemical potential of proton is -3
chemical potential of neutron is -12
State Density (g/cm^3): 10000000
State Temperature (K): 6000000000
electron fraction is 0.5
NSE state: 
n : -0
H1 : 0.001652199832
He4 : 0.5184754334
C12 : 1.321048372e-05
N13 : 7.828343335e-11
N14 : -0
O16 : 3.208350685e-05
F18 : -0
Ne20 : 7.37829949e-07
Ne21 : -0
Na22 : -0
Na23 : 1.206776684e-06
Mg24 : 0.000101410673
Al27 : 0.0006628523088
Si28 : 0.03646723471
P31 : 0.0504555158
S32 : 0.03824849496
Ar36 : 0.02435327551
Ca40 : 0.02847138631
Ti44 : 0.001637201348
Cr48 : 0.009789728783
Fe52 : 0.05885134758
Ni56 : 0.2307866801
We're not in NSE. 
change in T: 6000000000 6069144727
change in abar: 7.026880148 6.26238884
recovered energy: 2.784234255e+18 2.784234255e+18
AMReX (25.02-23-g06b4a5b105f5) finalized
