Initializing AMReX (25.02-23-g06b4a5b105f5)...
AMReX (25.02-23-g06b4a5b105f5) initialized
starting the single zone burn...
reading in network electron-capture / beta-decay tables...
chemical potential of proton is -3
chemical potential of neutron is -12
State Density (g/cm^3): 10000000
State Temperature (K): 6000000000
electron fraction is 0.5
NSE state: 
n : 0.0006076234511
H1 : 0.001992002814
He4 : 0.519136166
C12 : 1.326107316e-05
N13 : 9.47452461e-11
N14 : 2.564964515e-09
O16 : 3.224744914e-05
F18 : 5.420685608e-11
Ne20 : 7.425458732e-07
Ne21 : 4.997908818e-08
Na22 : 2.606563647e-09
Na23 : 1.008601364e-06
Mg24 : 0.0001021890484
Al27 : 0.0005547063403
Si28 : 0.03679401951
P31 : 0.04227744222
S32 : 0.03864046366
Ar36 : 0.02463422611
Ca40 : 0.02883657901
Ti44 : 0.001660315846
Cr48 : 0.009940606702
Fe52 : 0.05983458266
Ni56 : 0.2349417617
We're in NSE. 
change in T: 6000000000 6069004588
change in abar: 6.978701522 6.210045924
recovered energy: 2.785013196e+18 2.785013202e+18
AMReX (25.02-23-g06b4a5b105f5) finalized
