Initializing AMReX (23.07-445-gc09c45c31007)...
AMReX (23.07-445-gc09c45c31007) initialized
starting the single zone burn...
reading in network electron-capture / beta-decay tables...
chemical potential of proton is -3
chemical potential of neutron is -12
State Density (g/cm^3): 10000000
State Temperature (K): 6000000000
electron fraction is 0.5
NSE state: 
n : 0.0006075779147
H1 : 0.001992190328
He4 : 0.519153618
C12 : 1.326242057e-05
N13 : 9.476378074e-11
N14 : 2.565252696e-09
O16 : 3.225118799e-05
F18 : 5.421427915e-11
Ne20 : 7.426541003e-07
Ne21 : 4.998331295e-08
Na22 : 2.607634144e-09
Na23 : 1.008712481e-06
Mg24 : 0.0001022062575
Al27 : 0.0005547964335
Si28 : 0.03680294966
P31 : 0.0422845632
S32 : 0.03864965592
Ar36 : 0.02464164049
Ca40 : 0.02884400365
Ti44 : 0.001660754609
Cr48 : 0.009963899266
Fe52 : 0.05965982508
Ni56 : 0.2350349989
We're in NSE. 
AMReX (23.07-445-gc09c45c31007) finalized
