Initializing AMReX (23.05-820-g6ab61fb6d8a7)...
AMReX (23.05-820-g6ab61fb6d8a7) initialized
starting the single zone burn...
reading in network electron-capture / beta-decay tables...
chemical potential of proton is -3
chemical potential of neutron is -12
State Density (g/cm^3): 10000000
State Temperature (K): 6000000000
electron fraction is 0.5
NSE state: 
n : 0.0006076244986
H1 : 0.001992004339
He4 : 0.5191366352
C12 : 1.326108885e-05
N13 : 9.474537505e-11
N14 : 2.564968645e-09
O16 : 3.224748001e-05
F18 : 5.420694644e-11
Ne20 : 7.425466013e-07
Ne21 : 4.997916921e-08
Na22 : 2.606567043e-09
Na23 : 1.008602735e-06
Mg24 : 0.0001021891025
Al27 : 0.0005547067992
Si28 : 0.03679401979
P31 : 0.04227745649
S32 : 0.03864045585
Ar36 : 0.0246342167
Ca40 : 0.02883656159
Ti44 : 0.0016603148
Cr48 : 0.009940597538
Fe52 : 0.05983450847
Ni56 : 0.2349413938
We're in NSE. 
change in T: 6000000000 6069004586
change in abar: 6.978696106 6.210041275
recovered energy: 2.785013284e+18 2.78501329e+18
AMReX (23.05-820-g6ab61fb6d8a7) finalized
